6.8,3.0,5.5,2.1,1
5.006515128920406,1.9899393253403839,3.5182950222391707,0.9952418789112454,0
6.0,2.7,5.1,1.6,0
6.3,2.5,5.0,1.9,1
5.508759899173541,2.3043740883846757,3.9905716322299267,1.3079038466842208,0
7.190833878109119,3.5831633472503843,6.087155802870471,2.5178413728768825,1
7.2,3.2,6.0,1.8,1
6.397857096129236,3.206575467350197,5.2960543119562065,2.2964937661164235,1
5.112316176755874,2.4962602587607683,3.0081220276171012,1.095471557029893,0
5.810530937535352,2.607430005167081,3.9987494461411095,1.2117725153363754,0
6.1,2.8,4.7,1.2,0
5.692499977271346,2.8016730556320613,4.504412214283049,1.3055033468253785,0
6.592548508114471,2.896149665777706,4.608338155289541,1.3053118881800732,0
6.469814125042382,3.0138480939045884,5.802917725184131,2.2013569443193397,1
7.691826008586773,3.7929046676303506,6.702574395624025,2.2000208107227412,1
6.0,2.2,5.0,1.5,1
5.604065327983442,2.6970489177095947,4.206938054218287,1.2948302725875873,0
6.7,2.5,5.8,1.8,1
6.296538173907208,2.309975847255874,4.401353666334872,1.2936241965485906,0
5.611090510886075,2.6909318266135274,4.223777050550409,1.3046253854816847,0
6.11174901716456,2.616687655904995,5.596820107783112,1.4009068054882379,1
6.67210728475834,3.293867840367479,5.722464922052333,2.0920384594607335,1
5.589335508777528,3.005707221193655,4.503776949296752,1.4923475927609002,0
6.1,2.9,4.7,1.4,0
6.10185304122273,3.0067842187777147,4.909836048033784,1.7887418458710322,1
6.089465791642631,2.9896692172180197,4.889421575597843,1.811651648990223,1
6.296083833066788,2.297591735087191,4.395380717474429,1.2996868120729046,0
6.10581454377586,2.8924845553735308,4.700842768521904,1.3967369959551397,0
6.29837601228794,2.679979034420661,4.900921144764187,1.7930207502774047,1
7.695719876050815,3.791663332756091,6.687540682343946,2.1955295602448444,1
6.409605449263102,3.1907471017609197,4.482049222497636,1.5102246676655169,0
7.70441875785134,3.7909501205981715,6.686660122610388,2.197990378467772,1
5.690676407786418,2.5880172650042557,3.486840796011393,1.0013219011421977,0
7.704186564904838,2.592415774671455,6.919035740786035,2.3104772646871186,1
7.20527267761176,3.5960085673927646,6.083275548790607,2.493698622692744,1
6.2827904517718105,2.3054740975471772,4.397947916242054,1.3039147958139046,0
5.808853986569827,2.821988658986442,5.105824460953754,2.38842450724756,1
5.5,2.6,4.4,1.2,0
5.5,2.5,4.0,1.3,0
7.894461962790148,3.8045260327533508,6.40049292024606,1.9941744733767846,1
6.507307753441257,2.985364189271381,5.791494102437381,2.2038012050817324,1
5.6,2.5,3.9,1.1,0
5.4982554048751755,2.291934017545141,3.977311000759234,1.2918926087651028,0
5.786414666165961,2.7006866928822673,5.082909756136045,1.9104149530576136,1
5.806552752205909,2.6977976031469915,4.088506921466581,1.0181935078895685,0
5.4998939395113124,2.4030725102130055,3.812205620917919,1.10051107185986,0
5.595940699936057,2.7929375152495517,4.904740017973838,2.0026622009031105,1
6.9,3.1,4.9,1.5,0
7.110133366666309,2.995618562083505,5.901527016838883,2.0992784491653196,1
6.3,3.3,4.7,1.6,0
6.098091391734078,2.991859608201289,4.896071860650833,1.8041256008886943,1
5.700474156183433,3.001277244052107,4.206977710041768,1.2028263124521896,0
5.589455991479024,2.9058121748807215,3.5997084986238908,1.317509901100268,0
6.396876554170646,2.7902093082137087,5.580629308654035,2.2062457855702338,1
5.0,2.0,3.5,1.0,0
5.9,3.0,4.2,1.5,0
5.5911361350025475,2.9929429987835134,4.114834238665305,1.2958108567369708,0
5.896322291997605,3.003062968128101,5.104965623407564,1.803546386485833,1
4.895592704862388,2.5069847302464043,4.501536969062455,1.7097330482673299,1
5.5036988577758965,2.4096035272803134,3.707182894189414,0.9859917429564061,0
6.4,3.1,5.5,1.8,1
5.8,2.6,4.0,1.2,0
5.711991838392631,2.4946817337078238,5.005659382448846,2.0203194583438164,1
6.208509532177962,3.3996594321530615,5.391276992290653,2.3123448733153746,1
6.7,3.0,5.0,1.7,0
4.898346547929811,2.5023484867315022,4.52249829834083,1.6967250109914591,1
6.302799950719249,2.2905942275547426,4.409791113951207,1.308951553256628,0
6.495138545550494,2.7891470124278372,4.61963342731286,1.4933231184868678,0
5.589819073909495,2.8930692294663296,3.6123142357514477,1.2960411236079667,0
5.5,2.4,3.8,1.1,0
6.403840062119618,2.8033898698463915,5.601125427764595,2.0941705701767748,1
7.214176788456418,3.204182883854956,5.987645359249168,1.80688031137304,1
6.093426345322801,2.892134762151766,4.705365761527197,1.4026326691953235,0
6.103248242872379,2.7885622534274366,4.702855568051371,1.20166741510715,0
6.502662669371455,2.7994245520075904,4.594048166628471,1.5033807503770211,0
5.515931314212945,2.409690755020896,3.790463973913171,1.1134343044387138,0
7.717156348094226,2.79893683246299,6.70882321761702,1.9910752989340577,1
6.396288394804863,2.7964811675913395,5.602127463968578,2.201893311805664,1
5.0,2.3,3.3,1.0,0
6.398907033334711,3.201975889033385,5.282343000751661,2.299611490595409,1
6.614100134867266,2.879422416437665,4.589687827874885,1.3076676858603853,0
6.589683539142343,2.9960180309596836,4.402359317102342,1.4061535477490494,0
5.602479649754749,3.0057346952068404,4.097477677567886,1.2966560319536236,0
5.798208276692544,2.7069252627455316,4.122856325172996,1.0100380383418557,0
5.909071351553172,3.012485912222491,5.090551690831575,1.8073968846745225,1
6.3,2.5,4.9,1.5,0
7.006001149399207,3.1912722150153603,4.693050936356571,1.405783649923208,0
6.2930424207161915,3.404754031553492,5.599978528088502,2.4175078798904432,1
7.6,3.0,6.6,2.1,1
6.100937762015597,3.002926569629594,4.903513103729572,1.7978777445400462,1
5.6,3.0,4.1,1.3,0
6.516455352673808,2.9919740709723586,5.197553154523865,2.022858822391451,1
6.687010619723045,2.990763544045001,5.206761670955713,2.3085262700770213,1
6.1979026872162075,2.793926850647878,4.810269254493127,1.802674905814957,1
6.588547491024604,2.914991339091336,4.59819748880823,1.2993947300032163,0
6.587712098851841,2.892048498534181,4.591911334948728,1.2832264684304477,0
5.490227873388202,2.2959016144918185,4.018538749185426,1.3015405558335724,0
5.481482617173722,2.406076801186349,3.8072629997733682,1.1048819878934688,0
7.404276395496332,2.8108779695695674,6.077270149292078,1.9165903539825646,1
6.084497298845656,2.799399199260987,4.011805710817364,1.2924609958707427,0
6.18816179447667,2.211976162447849,4.517713759709997,1.504308241636529,0
6.30184173424292,2.521759845757469,4.8967282707360305,1.4885068410677438,0
7.4,2.8,6.1,1.9,1
5.498884764606256,2.5015811799253704,4.011763495789216,1.3015729768389994,0
6.306675409708685,2.6909335854591383,4.892926877622187,1.8161636658995999,1
5.493368982607792,2.4163618537916602,3.8057391095299913,1.1104753704155317,0
5.507644591008885,2.3932769790691197,3.802621336265956,1.1016133433065305,0
5.009119756170698,2.3133802506628762,3.302601526914938,1.004864146065979,0
5.892285973368549,3.1899557557128073,4.807047734433899,1.8085725584128347,0
6.3748740257029155,3.1881003096200184,5.313769944451868,2.294371654240177,1
6.700850733170394,3.308186766015658,5.709111382822797,2.115631920755043,1
6.788590744612916,3.2034925604678235,5.90516307233953,2.29359108359987,1
6.7,3.3,5.7,2.1,1
5.702556519329646,2.7978805658978874,4.104076889006242,1.2901079226045595,0
6.728566197554032,3.284141883040006,5.707434813397448,2.506510133561618,1
5.491224402502152,2.4201522622313227,3.80240148171419,1.115435689934818,0
5.802438865447815,2.6990214855739274,5.096926960648076,1.8940061816988396,1
6.122808898726848,2.7981730056156486,3.999285996907621,1.2981149879109368,0
6.1907325830544435,2.2024865889230036,4.51243722215619,1.5072813601701003,0
5.612650561480062,3.013614023314727,4.103436951514194,1.3058866556626418,0
5.398609590431318,2.991117709793535,4.498454152500412,1.4963623906342272,0
6.307324094496277,2.2924645816248157,4.39978881863231,1.3066933149978885,0
6.287107632697158,2.810632078741091,5.10345867136003,1.5027733377438668,1
5.68964377218817,2.8973851951396137,4.187704938980255,1.299982086853022,0
5.6,3.0,4.5,1.5,0
7.014659629734693,3.1971216779651237,4.694733196685568,1.3999918906126692,0
5.595128222809603,2.70481536228199,4.184582934560676,1.293212208103972,0
7.700430972936567,3.8019636464501025,6.717339694469644,2.191958694760891,1
5.993186676349101,2.1855975002643118,4.000860413717961,0.9886604164223507,0
6.2925439259018585,2.8978079098009495,5.611966155775873,1.799204874493063,1
7.198085646454256,3.010114004786253,5.788890657453185,1.6112670321373583,1
7.9,3.8,6.4,2.0,1
7.691865869073322,2.8023489656066842,6.693972636588495,1.9936370712799818,1
6.1,2.6,5.6,1.4,1
6.7010819188535615,3.111270338773244,4.396530364527934,1.4106261372420754,0
7.086155572005255,3.0045381718515007,5.911777731097687,2.100865564226748,1
6.491336722005265,2.9971573195190673,5.199166842469316,2.0019989351788317,1
5.8037727602030635,2.689945350548625,4.095086810547523,0.9918082148302513,0
5.697129560306522,2.804989544400871,4.109374179088047,1.290275831175938,0
6.803661797186507,3.00027009777638,5.4911236758706705,2.1097702705160923,1
6.3981554624459465,3.1080866434139267,5.514465249480455,1.80983738691666,1
5.993515301920539,2.9874536918200945,4.799525997148387,1.8056565912467557,1
7.220581401319258,3.2293141802445153,5.9908416979355446,1.805300129523455,1
6.3064633498663465,2.712212417964851,4.90803883671182,1.7933553533931952,1
4.9055511756668,2.4988323774689802,4.482352664553828,1.71059964931731,1
4.904882396402787,2.3835246105138865,3.293488736950839,1.0077059755585496,0
6.389680823754349,3.12045641825798,5.489193309089311,1.7988685091156653,1
5.799433202372922,2.8059489886638773,5.071007910997477,2.4023162203368464,1
6.800839058111673,3.192167808178617,5.917217197543114,2.30522315916793,1
5.007753131017933,2.004165347702261,3.502001659836794,0.9983878589976843,0
6.9,3.2,5.7,2.3,1
6.2,2.2,4.5,1.5,0
5.899539060057224,3.016142207790161,5.113598130663684,1.7848775191685362,1
7.194831987147252,3.5975999156224883,6.103079709780614,2.491361738112902,1
5.5931668424161805,2.996179136499842,4.496735521885197,1.4983994451691305,0
6.702301624088083,3.0825607897331486,5.59214040083818,2.3619358649677813,1
6.011536237799974,3.3863977021911285,4.492749312760745,1.5922528063925099,0
5.717249161907466,2.599294769986583,3.4841429496167073,1.0097806278053991,0
6.508618986742359,2.792280694187911,4.591882300403141,1.4953444577364037,0
6.4,3.2,5.3,2.3,1
5.6,2.7,4.2,1.3,0
6.693568161430484,3.094676967721586,5.6072552281610895,2.403634302817197,1
7.689966100935935,2.5980168402939916,6.897701430513629,2.2799788598033843,1
6.2,2.8,4.8,1.8,1
6.6,3.0,4.4,1.4,0
6.7149408191420985,2.995524992404671,5.202992209511917,2.292383006206076,1
7.695249369439969,2.5898305561210835,6.893218269643881,2.295957677452484,1
6.403842125437215,3.2137959469920854,5.290730432196302,2.3203775417001564,1
6.4847010646673775,3.0007454099922106,5.181344833858868,2.001806578186357,1
6.703902573378627,2.967128780207867,5.2073616273188525,2.297200378871382,1
5.675201792456068,2.5935523893360544,3.5029096823871844,0.9955925252704227,0
6.4,2.7,5.3,1.9,1
5.824090822212756,2.7975188954781873,5.096867322798544,2.393308552277057,1
5.020375826574815,2.300134063172511,3.302586787125163,1.002969184476886,0
7.01237171897599,3.197544094765713,4.70149323299992,1.4177448074785912,0
6.100317988500362,3.011069811257643,4.603533035476912,1.3993941747603567,0
5.999778707725427,2.1803147989948446,4.008666545727758,0.9989674986189837,0
6.892456029464274,3.097221764552611,5.088674768081042,2.2891930120692656,1
6.7,3.1,4.7,1.5,0
6.3883292156588745,3.112252887698554,5.509044137464167,1.801696389306003,1
6.498921886965868,3.176872324488037,5.095057709110337,1.9958605481173393,1
6.8,2.8,4.8,1.4,0
6.406511984507642,2.703616663777113,5.280004691688347,1.9008572796081602,1
6.416649734247319,2.7981837340667455,5.5741773254612585,2.1087034749074927,1
6.087177360963909,3.001282717343304,4.598418268512608,1.3948742338316857,0
5.80115157363753,2.5860149522556513,4.008957876794747,1.181077093432108,0
6.8,3.2,5.9,2.3,1
5.8,2.7,3.9,1.2,0
7.094247851099098,3.003622562467193,5.922109574185175,2.094421172091203,1
5.677044261940102,2.9093958294735165,4.20305200442198,1.2924155678376303,0
6.006604549493371,2.9110609910451033,4.499765582387444,1.5059908930197365,0
4.88063959735078,2.5043834901166013,4.49626181742775,1.7008212391003792,1
5.604993829689544,2.694113663645163,4.197763136541303,1.2879066297392943,0
4.883390001541802,2.498240505678651,4.496474349275721,1.7018789525571192,1
5.999229486960313,2.6919829562900692,5.093209683823979,1.5917513996139403,0
6.495576623326692,3.013169076534399,5.204035064620409,1.9911669897810345,1
6.413670580244432,3.099472404258342,5.5046539202155165,1.7995500979244548,1
5.4945812881363665,2.620214946064777,4.3922745869475825,1.1900505158874293,0
5.7,3.0,4.2,1.2,0
6.3,2.9,5.6,1.8,1
6.286653798063347,3.39146228235443,5.594801342582243,2.41113745870016,1
7.612025487976636,3.0151642626159263,6.61007593634,2.0817329033637093,1
6.2,2.9,4.3,1.3,0
6.092353162472215,2.617683500483614,5.601250695322986,1.3919700271349862,1
5.783863595903841,2.6835122859012936,3.893173216788119,1.2105182815262354,0
6.176785584535473,2.8845236167270545,4.301164492880003,1.2902990321469638,0
6.702640273589408,3.077509465841588,4.707198462945484,1.497158786267647,0
6.3,2.8,5.1,1.5,1
4.997365564355245,2.2990243469040776,3.285711373315764,0.9804925275343969,0
7.902940225120934,3.8075556866334064,6.403733122261463,2.003607972688313,1
6.3017351157274195,2.915880209859484,5.588582639432843,1.8130428186979637,1
6.705595578748369,3.0980087799461855,4.685345357472397,1.5115931829152383,0
7.7,3.8,6.7,2.2,1
5.596780556163273,2.487966847908326,3.9182872414324987,1.0691229679973413,0
6.298129625549702,2.902002703514258,5.6085062851514005,1.8138104062900466,1
7.3,2.9,6.3,1.8,1
6.9,3.1,5.4,2.1,1
6.684624582943438,3.1022375023932,4.418923941121097,1.3879586230192613,0
5.5,2.4,3.7,1.0,0
6.088214048229223,2.8155989750716444,3.9912304374895675,1.2824947208100295,0
5.4066849031968145,2.998634047888307,4.502995278007604,1.5081586575070542,0
7.092525489722048,2.9979356284213017,5.910905822870327,2.0857372263954566,1
5.879816538236111,3.0118561276472526,4.196009455759676,1.4883768386985952,0
5.583050922955644,2.9933616784156514,4.096422127441508,1.3162114426414515,0
6.0,3.4,4.5,1.6,0
5.8,2.8,5.1,2.4,1
7.894076446075441,3.800137834467555,6.392225803065595,1.997352547381696,1
5.2,2.7,3.9,1.4,0
5.988762497588064,3.399940654246214,4.478321981468897,1.598978740757582,0
7.0,3.2,4.7,1.4,0
6.728182316336763,3.1124136628298102,4.708820225524641,1.5065866454707408,0
6.288983539327774,2.2863914483860395,4.411075206523836,1.284892084422641,0
4.900952379457056,2.5130919313865507,4.505077585757919,1.692652152799149,1
6.900386433937436,3.1170528635540724,5.385295888572774,2.1013129611364025,1
4.88977816550749,2.408563441738548,3.3000495392697085,0.9906483117983238,0
7.107096269438792,3.0127338578578193,5.89649351388882,2.1010729639935954,1
7.295363809593955,2.901729348470545,6.310642636686139,1.787666190237311,1
7.20562243940866,2.9883764766115624,5.797745055614827,1.6144942164721927,1
7.298779693841269,2.8887166162276827,6.301515651762413,1.785739024102375,1
6.420434900028481,3.1995571056606473,5.31368172601448,2.2988135081660337,1
6.926563647964818,3.124973613024414,5.095259886586474,2.3154669634867155,1
5.599538121544746,2.989508205821935,4.490391180275779,1.502434133046753,0
6.4020284670522996,2.812597595560935,5.592562384706757,2.2016775082963225,1
6.508626244425002,2.998680648739884,5.198761722261197,2.001572541811042,1
6.920509358528434,3.0902245707448808,5.384136375274367,2.099026765467563,1
5.79661347007276,2.7843951427440805,5.100780557983775,2.390818498813789,1
4.999623953190786,2.012851712863958,3.5016167255646904,1.0009424965829334,0
5.697177799590809,2.5117996520546724,4.9990111260124115,2.0151167875447857,1
6.401911871333765,2.6983468018057732,5.28940210394744,1.9038544857232993,1
5.611297451216622,2.51030269262136,3.893802394585658,1.1058543944593888,0
7.209714002469757,3.601690963830486,6.124885335884572,2.4872398135384257,1
5.791302136580987,2.8111561090828934,5.095733209810018,2.397813649477599,1
6.4903484615577245,3.208099324944153,5.0882061283180615,1.9952105393067128,1
4.978343149962999,2.0096413974023566,3.51242084707828,1.0101898955766047,0
6.2021554919587745,2.8117133359012456,4.801716698423178,1.8037093388042593,1
5.90340765062671,2.9855963909158545,5.110970586667163,1.8161309357018904,1
6.183873923581268,2.799584769149066,4.811555977818586,1.798282016030564,1
5.1,2.5,3.0,1.1,0
7.701748025192571,2.788435724017621,6.698291074788775,2.0111078968532325,1
5.099383030939629,2.4933296596872956,2.983772951780884,1.0935843734334578,0
6.7,3.3,5.7,2.5,1
5.902166862474288,3.001222909031025,4.204945664692741,1.5057977062075427,0
4.899876409767825,2.4706192627445556,4.492000150833348,1.6925518849332757,1
6.097376786758348,2.7953861821059305,3.986564683844516,1.3021018113590566,0
5.600891573023218,2.794643026677869,4.891750966773189,2.003726303035589,1
6.9058249726049645,3.0888845088968946,5.391789949171458,2.1001115305784075,1
7.7,2.8,6.7,2.0,1
5.9016050151117145,3.0023648065200286,5.084882803355148,1.8069191478982525,1
6.105088605357812,2.790761327885303,4.005989563106254,1.29952488053463,0
5.497953554203314,2.594186217545632,4.393017970658109,1.2065209025161514,0
6.6111694499624765,2.9002000240131145,4.605254718487633,1.3138029794554218,0
6.094032713718008,3.0130952352135996,4.589213704003731,1.3965740906914625,0
6.813612005254925,3.2037344747132503,5.893175401870271,2.28589774669442,1
6.5,3.0,5.5,1.8,1
4.892970025854757,2.5039467464025904,4.5122692113012395,1.7121882040517595,1
6.7251078610052435,2.48534551599945,5.79900281529832,1.793042963421779,1
6.702374015695948,3.294848179599996,5.7074754439238955,2.0832859051324295,1
6.0066046309381464,2.891135218022042,4.496817456923937,1.5042958607927968,0
6.303620644715219,2.496248881572754,5.017477382164642,1.8866910225392237,1
5.7,2.8,4.1,1.3,0
6.388079477952668,3.193991461916472,4.4790510564964645,1.4932460214820837,0
7.704380719243069,2.7908629368040363,6.7049370806658874,2.0080516557991417,1
6.5,3.2,5.1,2.0,1
6.713520876911454,3.286928536988307,5.686080170568065,2.4942714194971174,1
6.413849543759313,2.7982330462365193,5.5991314082788275,2.0984956673664397,1
5.3845023743655505,2.9976201883226894,4.496664406100998,1.5101413303727318,0
6.196834179945539,2.2129859782735486,4.507183773035702,1.486586373471113,0
5.8002560921856565,2.8127936979464425,5.094655408983418,2.410668809149684,1
6.797457175948551,2.9886126031469162,5.509721473371376,2.1141963676915823,1
6.495151856396267,3.0223499435243855,5.796682075671347,2.1853042003394894,1
5.910474129405488,3.001041446008361,5.0925477025256916,1.8167720213975287,1
6.108473668760629,2.7894361952152322,4.692365989371484,1.205272648740011,0
5.590588498114273,2.895486198398345,3.5986867012835257,1.3164513143872656,0
6.698018179762517,3.1050951026132267,4.413588103215563,1.4032548999500372,0
6.4,2.9,4.3,1.3,0
5.704448841164891,2.8064539257014736,4.508182340531816,1.3014541788896392,0
5.706826726599157,2.8280188913435214,4.477657585703974,1.3040248291024992,0
6.5,3.0,5.8,2.2,1
6.306514877284557,3.275963629112288,5.995180155832035,2.4947717955624245,1
6.700128304653169,2.9986666059748797,5.20005476690933,2.2995981127205063,1
5.6,2.8,4.9,2.0,1
5.7,2.5,5.0,2.0,1
6.0914687321192185,2.900363624376787,4.702870007599696,1.3817672933635174,0
6.790251252792816,3.214447441396176,5.9195864597629555,2.303414705833543,1
6.892683430976379,3.097592624386141,4.893646786783959,1.494855018280119,0
6.0,3.0,4.8,1.8,1
6.609005834990986,2.992672709181378,4.394354511957794,1.4030324212154701,0
4.9,2.4,3.3,1.0,0
6.400702271693876,2.797208312348787,5.601565814662074,2.0890444205399827,1
5.494353864063583,2.3054121539155226,4.025156574394619,1.311506894168891,0
6.482453521729971,3.00705043115699,5.4975880891500575,1.7997325929575927,1
5.599637090620333,2.796312194140861,4.8875951635061385,1.9993862077581612,1
5.807214041008106,2.6921504717029325,5.118136968036996,1.929690115718744,1
6.202623842076199,2.912079216429741,4.291015720244417,1.3051037973533826,0
7.699949341011908,3.000159326177071,6.098643613060974,2.3119851815131205,1
6.50638597842632,2.7906985366876973,4.587611452995291,1.4985678569868932,0
7.597855620471841,3.0126412470162336,6.582332906432697,2.115471615657272,1
5.190398743168982,2.707714197776672,3.886296518249802,1.4001252019760018,0
4.9,2.5,4.5,1.7,1
6.3,2.3,4.4,1.3,0
5.6,2.9,3.6,1.3,0
6.32220091673237,2.4896745941124356,4.900555085137157,1.5072916189553691,0
7.208378032531268,3.603892599226039,6.096791482880766,2.494722513079128,1
5.598918664334892,2.992225776926576,4.077297733115698,1.3059712806829666,0
5.593118988838598,2.995430192866475,4.115941583229767,1.30654908091346,0
6.402013462840276,2.8095935734760564,5.603719954069031,2.206757812718914,1
5.813763304585877,2.7147194726758617,4.095500156338261,1.0079240714169078,0
6.095403625836335,3.012745311433552,4.611864302459928,1.405004439273688,0
7.90277749287324,3.794253790903181,6.3937440239793535,2.0024713933034644,1
6.505508934576341,3.00934017150727,5.207335777240739,1.9871911260384152,1
6.597142827906043,2.9129841893444985,4.615473568647032,1.2830042589087567,0
6.4,3.2,4.5,1.5,0
7.205485487923877,3.595605405811714,6.104020463450056,2.4986569034514896,1
5.4896864385696835,2.320584935431715,3.992656411854925,1.2888689107826912,0
4.901411724514041,2.4127429978095982,3.3054948944612708,0.9942341202174266,0
6.500959454007219,3.0068314741564253,5.501150476552158,1.8219441047328147,1
5.796433251615793,2.6864419685634036,3.888808326170199,1.203533924708289,0
6.694231932075426,2.9845046753792848,5.198014680747263,2.2857113696001767,1
5.608202923673245,2.4960800769690663,3.8956731574700174,1.0995788983060542,0
5.7,2.6,3.5,1.0,0
6.214602636942827,2.2110196377598075,4.500325455977711,1.5115055217671376,0
5.587720984066831,2.992884874606052,4.09714475646648,1.29763859018716,0
6.387124954662543,2.8995178408512894,4.287454353779122,1.3126289146771135,0
5.8,2.7,5.1,1.9,1
5.603688041545704,3.005593066181221,4.497895799593755,1.493549018719318,0
5.5103713363598175,2.391020414188293,3.7025382574332086,0.9925046806292532,0
5.403732373362971,2.985058393013619,4.515866206092795,1.4872331655659956,0
5.7,2.9,4.2,1.3,0
5.805291007221509,2.688011176507359,3.8956492797201334,1.1985744749066676,0
6.111561686201394,2.793899049858711,4.017191871940401,1.324729156808755,0
6.793651491472439,2.9972795762307327,5.497163995664749,2.107486405147368,1
5.49623609507314,2.40287065536618,3.7814025836863836,1.0886794100868755,0
7.200919987899357,3.2090511351648496,5.998594642640736,1.7961573049005541,1
6.106455928061778,2.797124037507437,4.695107113222192,1.1841057166677684,0
6.3,3.4,5.6,2.4,1
5.794565516101011,2.716584613881771,3.89534431799997,1.211729901590773,0
6.7,3.1,4.4,1.4,0
6.112030381853117,3.002116074737828,4.884598659164196,1.8017586178863059,1
5.5819024619779,2.80419378486153,4.886552378973004,1.9957157048157774,1
6.408023555941433,2.7974789648052685,5.598754259383894,2.097243191685713,1
5.9,3.2,4.8,1.8,0
6.1,3.0,4.9,1.8,1
6.905110695386547,3.0888284226288913,5.400128627336629,2.098034274301902,1
5.89453764948418,3.1959529564348754,4.801480758301142,1.8051274394583205,0
4.897845945889156,2.500463075290724,4.515655229367192,1.706476949739636,1
5.5032594078407335,2.2968148108873914,3.998994674611506,1.298345837876723,0
5.79071826629936,2.7899860238116845,5.09022205929398,2.4003573498133988,1
6.6,2.9,4.6,1.3,0
6.4972892808098734,3.2070597916911603,5.093674780110723,1.9889704860852966,1
6.495830597941652,2.990139872533441,5.496121906908639,1.804168366252813,1
6.3,2.7,4.9,1.8,1
5.898311348947423,2.9956157587652585,5.093616233863582,1.7962643544039505,1
6.211594328240613,2.904694745577655,4.303619009387546,1.3083322606521712,0
6.7092699283212385,2.9922921145431522,4.998305301913351,1.7123827430352896,0
7.7,2.6,6.9,2.3,1
6.692106416175858,2.497418499205029,5.806911753546529,1.7879716868305782,1
5.905419526118328,3.0051600283021567,5.09388167066544,1.8093609516641622,1
6.212960652888063,2.895311393328154,4.302623947169173,1.305977339064565,0
6.2,3.4,5.4,2.3,1
6.4,2.8,5.6,2.2,1
5.590850219654799,2.98328491571448,4.501087400370364,1.5030126676304447,0
4.893322067981346,2.3665324932752725,3.2855807703079196,0.997346113336222,0
7.4026913618034795,2.804445524428366,6.084219258462251,1.8969654593336545,1
6.302778561302723,3.309391895626957,4.7050109759746315,1.5919529119814662,0
6.49717323170179,3.0008920311587852,5.460890019671988,1.8199108141286593,1
6.708389150804669,3.1166130446022704,4.690626145940693,1.4903077745788509,0
6.900031509360965,3.1098497562072436,5.097891672327146,2.3024771374203468,1
5.590354446391678,2.9910325478812614,4.096579602277449,1.304311731174068,0
5.590653799810001,2.5043843806707304,3.910298764520452,1.1125278915251209,0
5.707607880471476,2.784047486260362,4.1118321193199385,1.306669735059672,0
5.703721740297084,2.795451569233818,4.110343456998007,1.293426807039762,0
6.301530851004255,2.512209911226966,4.894643989267257,1.5105272816048583,0
6.9,3.1,5.1,2.3,1
7.586327468045624,3.0015233063972344,6.600668148483391,2.1065064684323085,1
6.593429162895424,2.992630323283263,4.409753231445655,1.411345567205089,0
6.416286919225121,3.0931162259297067,5.509039170528597,1.8028207265165208,1
5.810635479358251,2.698375126156879,4.098425251716643,1.0039612258255577,0
5.68657061269303,2.904755012430566,4.197107981922444,1.296119000511102,0
7.909150713406115,3.795366672310386,6.393345686703552,1.9989364957433235,1
7.1962248034775,3.5922423196852775,6.08283898970782,2.4930825030487678,1
7.2,3.0,5.8,1.6,1
6.882971577229293,3.08891706440867,5.107938131379592,2.31345490663383,1
6.1,2.8,4.0,1.3,0
5.8995046611399315,3.008285830972874,5.0972602377128595,1.806212815244213,1
6.704120847401427,3.101394158377177,4.698867237954062,1.4785535475168479,0
7.692496437453088,2.9973234472025188,6.096262927016354,2.299992666734313,1
6.29768022896239,3.3057803639647783,5.992568967622445,2.4992285112035906,1
6.518865003850039,2.809691089747836,4.601180816264923,1.5010323375781036,0
5.889093552775347,3.0043693269134373,5.101074638060352,1.801796119359189,1
6.696469955526611,3.1056047298538716,4.3900725497045405,1.386791464326532,0
6.203389493934379,2.893864172192001,4.31471565068135,1.2895593185997476,0
6.909577621944152,3.1150071129677372,5.3986299163149285,2.095860437872228,1
6.7,3.1,5.6,2.4,1
6.695926598261524,2.4935092968978907,5.808528578010126,1.8066116133932169,1
6.292940561453137,2.506398576376186,4.887680999424908,1.5071950163211603,0
5.797163479535248,2.7058424145956845,5.111855506710093,1.9148699321944744,1
5.120117942720476,2.49910610005718,3.006594417858095,1.1140374778433593,0
6.296028648668796,2.8984299790529136,5.596119706276241,1.7994350648662016,1
6.282211617936485,2.7006836232445197,4.907145337455144,1.800128273672639,1
5.703775246673613,2.886592446245415,4.2015531017873755,1.3022390165018058,0
6.298208239883357,2.8997922474055127,5.622274011657515,1.8100503946519817,1
5.399312417373858,3.0092866771282454,4.506384569549676,1.4993201661885809,0
5.791831874710802,2.7000296182345322,5.10570506401939,1.9022568444676646,1
7.1,3.0,5.9,2.1,1
7.1868234564139915,3.19640152130168,5.995667340534769,1.7848651104240225,1
6.380557164042234,2.897314364754885,4.294639099972037,1.3160877488918685,0
6.4081279962013,3.09721832704597,5.486390751128499,1.7801518007266979,1
5.8,2.7,5.1,1.9,1
6.30155667966882,2.881382194243338,5.588766597129575,1.7962437977496786,1
6.500274015856404,3.009433430891826,5.4948520957587474,1.7915560757261813,1
6.394851446911366,2.816875935467492,5.614871487884807,2.074070750412143,1
6.681491181144272,3.092196364743969,4.696765635559113,1.4993602164214728,0
5.000409830750071,2.3053234090620722,3.3009104147083037,0.9876325190415645,0
6.605486760306392,2.8964126217363666,4.597636264869601,1.2943792768646132,0
4.884293852780035,2.404513145875058,3.3092042899587732,1.0198961140146008,0
4.8807721028776285,2.3995941105715937,3.2976272280931798,0.9931397372508357,0
5.598661024674183,3.0044849851666595,4.501469647167297,1.4983685178971113,0
6.790562029826183,2.7930488317209834,4.801508208584776,1.4037896213592511,0
7.714074783745665,2.995111066694723,6.095585028978688,2.3015191558916395,1
6.490923204109848,2.999222294968813,5.504778240744186,1.82584543105284,1
5.4,3.0,4.5,1.5,0
5.8,2.7,4.1,1.0,0
7.195845500502604,3.21916378999176,5.994693016890487,1.8000908851927382,1
4.893999688232093,2.402375767835323,3.2990016121185595,0.9958072848197993,0
5.9,3.0,5.1,1.8,1
6.119481592446127,2.6004563299839525,5.600229982206839,1.4212788462684607,1
7.7,3.0,6.1,2.3,1
6.0,2.2,4.0,1.0,0
5.106126290706812,2.4977868141929993,2.995014029377653,1.107293439010885,0
6.013784701961806,2.7137676680911107,5.102364326401938,1.5963696808916181,0
5.685592972381414,2.8001416808119264,4.507623314706949,1.2882677761808792,0
6.80321007392986,3.0019489819686,5.506145343563123,2.093831319337929,1
7.2,3.6,6.1,2.5,1
6.3,3.3,6.0,2.5,1
5.489838650873374,2.5112638896448796,4.009408353526239,1.3116257615311455,0
6.4972299091788335,2.991108411052398,5.499341588350447,1.8135919505755278,1
6.3080169642833575,3.292887005873498,4.699549364411941,1.6018605073792556,0
7.687439467922433,3.783650179831522,6.716233822930676,2.1956440063450016,1
6.507488643454427,2.999912230452238,5.803824533763127,2.1998372381762765,1
6.199707393811324,3.395000991365146,5.381074327638178,2.312511473976379,1
6.2985592787928475,2.497944362847171,5.006177270954219,1.8929994346486585,1
6.1,3.0,4.6,1.4,0
6.301493446374741,2.491933238922547,4.995706255461674,1.9150525295322731,1
5.512915505043537,2.3938714951333466,3.784747076719336,1.112221290615191,0
6.492858023308871,3.2053354232694895,5.096654703363468,2.0070702238565534,1
6.4,2.8,5.6,2.1,1
6.0,2.9,4.5,1.5,0
5.8006172715929365,2.7181097545038186,4.108842904359187,0.9993916302201017,0
6.4002929244231375,2.80978628913592,5.611742015101133,2.0929486383246734,1
6.3051104629914425,3.2814018161821803,5.998239819626307,2.4977861238500303,1
5.800681382408553,2.6978185503970757,4.0858113389198625,1.0016841516816635,0
6.7,3.0,5.2,2.3,1
6.5,2.8,4.6,1.5,0
5.591091150992329,2.4950710454359295,3.9048746729385826,1.1086624111120595,0
5.999098241410525,3.011025337695123,4.798922819134514,1.7736231362075614,1
6.193175032079458,2.8998659749021893,4.28167799268347,1.2984830227094664,0
6.097044377013674,2.78505883248249,4.707676215676245,1.1882079996790142,0
7.389698180741779,2.801144750816873,6.108698290125484,1.9152909775641236,1
6.297456107907564,2.5088954083673065,4.914629517623938,1.5049338833534234,0
5.090687582447122,2.497929848226968,3.0042175551273624,1.094040179762428,0
5.5,2.3,4.0,1.3,0
5.701797334671649,2.7872940654358755,4.4985579522039005,1.305404834760365,0
6.40314975949527,3.0939252589245907,5.488796586615098,1.8143945386499911,1
6.596219959401232,2.9969961399986955,4.393834934744845,1.3868840110417824,0
7.1819001949138865,3.2001319604210683,6.0119277372039805,1.7735361230640874,1
6.594766206675758,2.979697100635956,4.404273501521027,1.4011121102383153,0
5.7106621187067566,2.9062411356092293,4.196828784418723,1.2971117757535022,0
5.607840851544832,2.9941702548513875,4.09778163458002,1.3041886539845808,0
6.891944349293431,3.201232420866389,5.692420989482956,2.3108039198237407,1
6.307752858898139,3.2900693546569895,4.684630379047358,1.5914213713055811,0
5.7,2.8,4.5,1.3,0
6.677832619946993,3.070689337319247,4.400367063912027,1.4052669546534844,0
7.6065948156032785,2.9976260855628465,6.602145933113821,2.1040479675711414,1
6.430191818185021,3.200985907896378,4.5038463004519524,1.4979303009972007,0
6.204515922788243,2.2076210188737178,4.493245949930229,1.4894687397696682,0
6.693482588396733,3.1124052860039404,4.686457922610707,1.4947995955589573,0
5.714813234761599,2.495040878278261,5.005320177047669,1.9768957777252048,1
6.5,3.0,5.2,2.0,1
5.500542179831869,2.4132105019199006,3.6832386930206775,1.027611303366779,0
6.608734424666853,2.9983738729343687,4.413947922332268,1.4035702771236633,0
